2.147483147E9 2.147483147E9 2.147483147E9 2.147483147E9 2.147483147E9 2.147483147E9 2.147483147E9 2.147483147E9 2.147483147E9 2.147483147E9 
2.147483147E9 2.147483147E9 2.147483147E9 2.147483147E9 131.06986985628004 2.147483147E9 2.147483147E9 2.147483147E9 142.73550757018583 2.147483147E9 
2.147483147E9 2.147483147E9 2.147483147E9 102.69524479986724 2.147483147E9 2.147483147E9 2.147483147E9 2.147483147E9 2.147483147E9 2.147483147E9 
2.147483147E9 2.147483147E9 102.69524479986724 2.147483147E9 2.147483147E9 2.147483147E9 2.147483147E9 2.147483147E9 140.24106400948955 2.147483147E9 
2.147483147E9 131.06986985628004 2.147483147E9 2.147483147E9 2.147483147E9 2.147483147E9 2.147483147E9 2.147483147E9 84.78864065899499 2.147483147E9 
2.147483147E9 2.147483147E9 2.147483147E9 2.147483147E9 2.147483147E9 2.147483147E9 2.147483147E9 2.147483147E9 2.147483147E9 2.147483147E9 
2.147483147E9 2.147483147E9 2.147483147E9 2.147483147E9 2.147483147E9 2.147483147E9 2.147483147E9 2.147483147E9 2.147483147E9 2.147483147E9 
2.147483147E9 2.147483147E9 2.147483147E9 2.147483147E9 2.147483147E9 2.147483147E9 2.147483147E9 2.147483147E9 2.147483147E9 2.147483147E9 
2.147483147E9 142.73550757018583 2.147483147E9 140.24106400948955 84.78864065899499 2.147483147E9 2.147483147E9 2.147483147E9 2.147483147E9 2.147483147E9 
2.147483147E9 2.147483147E9 2.147483147E9 2.147483147E9 2.147483147E9 2.147483147E9 2.147483147E9 2.147483147E9 2.147483147E9 2.147483147E9 
